SIZES
  narena                52428800
  nbuffer               13216
  nplugin               0
  maxuse_stack          1888
  maxuse_arena          28984
  maxuse_con            4
  maxuse_efc            16
  solver_nisland        1
  ne                    0
  nf                    0
  nl                    0
  nefc                  16
  nnzJ                  96
  ncon                  4
  nisland               0
  threadpool            0

TIMER
    0:  duration =  0.055      number = 1
    1:  duration =  0.053      number = 1
    2:  duration =  0          number = 0
    3:  duration =  0.03       number = 1
    4:  duration =  0.0046     number = 1
    5:  duration =  0.0013     number = 1
    6:  duration =  0.0099     number = 1
    7:  duration =  0.0012     number = 1
    8:  duration =  0.0075     number = 1
    9:  duration =  0.0017     number = 1
    10:  duration =  0.011      number = 1
    11:  duration =  0.0093     number = 1
    12:  duration =  0.00025    number = 1
    13:  duration =  0.004      number = 1
    14:  duration =  0.006      number = 1

SOLVER STAT
  solver_nisland = 1
  solver_fwdinv =   0         0       
  ISLAND 0
    solver_niter = 1
    solver_nnz = 36
      0:  improvement =  0           gradient =  3.5e-17     lineslope =  4.4e-30 
          nactive = 16   nchange = 0   neval = 2   nupdate = 0

ENERGY =   0         0       

TIME =  49      

QPOS
   1.3e-06 
  -5e-18   
  -0.00015 
   1       
   3.1e-17 
  -0.00058 
   4.6e-17 

QVEL
  -4.7e-19 
   3.9e-19 
   4.7e-17 
  -9.7e-16 
   1e-16   
   1e-18   

QACC_WARMSTART
  -1.2e-16 
   1.6e-16 
   1.2e-14 
   2.2e-14 
   2.9e-14 
  -4.6e-16 

CTRL
   0       
   0       
   0       
   0       

QFRC_APPLIED
   0       
   0       
   0       
   0       
   0       
   0       

XFRC_APPLIED
   0         0         0         0         0         0       
   0         0         0         0         0         0       

QACC
  -1.2e-16 
   1.6e-16 
   1.2e-14 
   2.2e-14 
   2.9e-14 
  -4.6e-16 

SENSOR
  -1.2e-15 
  -1.8e-16 
   5.6e-18 
   0.011   
   2.3e-16 
   9.8     
   1       
   2.7e-17 
  -0.00058 
   4.6e-17 

XPOS
   0         0         0       
   1.3e-06  -5e-18    -0.00015 

XQUAT
   1         0         0         0       
   1         2.7e-17  -0.00058   4.6e-17 

XMAT
   1         0         0         0         1         0         0         0         1       
   1        -9.1e-17  -0.0012    9.1e-17   1        -5.3e-17   0.0012    5.3e-17   1       

XIPOS
   0         0         0       
  -4.8e-05  -7.3e-18   0.042   

XIMAT
   1         0         0         0         1         0         0         0         1       
  -0.0012   -1         0         0         0        -1         1        -0.0012    0       

XANCHOR
   1.3e-06  -5e-18    -0.00015 

XAXIS
   0         0         1       

GEOM_XPOS
   0         0         0       
  -0.0042   -0.00026   0.063   
   0.04     -2.4e-18   0.02    
   0.04     -4.5e-18   0.06    
  -0.07     -1.5e-17   0.065   
  -0.14      0.008     0.065   
  -0.14     -0.18      0.05    
  -0.14      0.18      0.05    
   0.14      0.18      0.05    
   0.14     -0.18      0.05    
  -2.2e-05  -6.1e-18   0.02    

GEOM_XMAT
   1         0         0         0         1         0         0         0         1       
  -0.048     1        -0.0015    0.00063   0.0015    1         1         0.048    -0.0007  
   1        -9.1e-17  -0.0012    9.1e-17   1        -5.3e-17   0.0012    5.3e-17   1       
   1        -9.1e-17  -0.0012    9.1e-17   1        -5.3e-17   0.0012    5.3e-17   1       
   1        -9.1e-17  -0.0012    9.1e-17   1        -5.3e-17   0.0012    5.3e-17   1       
   0        -1        -0.0012    1         0        -5.3e-17   5.3e-17  -0.0012    1       
   1        -9.1e-17  -0.0012    9.1e-17   1        -5.3e-17   0.0012    5.3e-17   1       
   1        -9.1e-17  -0.0012    9.1e-17   1        -5.3e-17   0.0012    5.3e-17   1       
   1        -9.1e-17  -0.0012    9.1e-17   1        -5.3e-17   0.0012    5.3e-17   1       
   1        -9.1e-17  -0.0012    9.1e-17   1        -5.3e-17   0.0012    5.3e-17   1       
   1        -9.1e-17  -0.0012    9.1e-17   1        -5.3e-17   0.0012    5.3e-17   1       

SITE_XPOS
  -2.2e-05  -6.1e-18   0.02    
  -0.14     -0.18      0.05    
  -0.14      0.18      0.05    
   0.14      0.18      0.05    
   0.14     -0.18      0.05    

SITE_XMAT
   1        -9.1e-17  -0.0012    9.1e-17   1        -5.3e-17   0.0012    5.3e-17   1       
   1        -9.1e-17  -0.0012    9.1e-17   1        -5.3e-17   0.0012    5.3e-17   1       
   1        -9.1e-17  -0.0012    9.1e-17   1        -5.3e-17   0.0012    5.3e-17   1       
   1        -9.1e-17  -0.0012    9.1e-17   1        -5.3e-17   0.0012    5.3e-17   1       
   1        -9.1e-17  -0.0012    9.1e-17   1        -5.3e-17   0.0012    5.3e-17   1       

CAM_XPOS
  -1        -7.3e-18   0.5     

CAM_XMAT
   0         0.45     -0.89     -1         0         0         0         0.89      0.45    

LIGHT_XPOS
   0        -1         2       
   0         0         1.5     

LIGHT_XDIR
  -2.2e-05   0.45     -0.89    
   0         0        -1       

SUBTREE_COM
  -4.8e-05  -7.3e-18   0.042   
  -4.8e-05  -7.3e-18   0.042   

CDOF
   0         0         0         1         0         0       
   0         0         0         0         1         0       
   0         0         0         0         0         1       
   1         9.1e-17   0.0012    3.9e-18  -0.043    -2.3e-18 
  -9.1e-17   1         5.3e-17   0.043     3.9e-18   4.9e-05 
  -0.0012   -5.3e-17   1        -4.3e-35  -3.1e-21   5.4e-38 

CINERT
   0         0         0         0         0         0         0         0         0         0       
   0.036     0.025     0.061    -0        -2.8e-05   0         0         0         0         1.3     

ACTUATOR_LENGTH
   0       
   0       
   0       
   0       

ACTUATOR_MOMENT
  -0.0012   -5.3e-17   1        -0.18      0.14     -0.02    
  -0.0012   -5.3e-17   1         0.18      0.14      0.02    
  -0.0012   -5.3e-17   1         0.18     -0.14      0.02    
  -0.0012   -5.3e-17   1        -0.18     -0.14     -0.02    

CRB
   0         0         0         0         0         0         0         0         0         0       
   0.036     0.025     0.061    -0        -2.8e-05   0         0         0         0         1.3     

QM
   1.3       0         0         5.2e-18   0.056    -5.8e-35 
   0         1.3       0        -0.056     5.2e-18  -4.1e-21 
   0         0         1.3      -3e-18     6.6e-05   7.1e-38 
   5.2e-18  -0.056    -3e-18     0.039    -1e-18     2.4e-18 
   0.056     5.2e-18   6.6e-05  -1e-18     0.027     1.9e-18 
  -5.8e-35  -4.1e-21   7.1e-38   2.4e-18   1.9e-18   0.061   

QLD
   1.2       3.7e-21  -0.0001    1.9e-16   2.1      -9.5e-34 
   3.7e-21   1.2      -3.3e-18  -1.5       1.9e-16  -6.8e-20 
  -0.0001   -3.3e-18   1.3      -7.8e-17   0.0024    1.2e-36 
   1.9e-16  -1.5      -7.8e-17   0.039    -3.8e-17   4e-17   
   2.1       1.9e-16   0.0024   -3.8e-17   0.027     3.1e-17 
  -9.5e-34  -6.8e-20   1.2e-36   4e-17     3.1e-17   0.061   

QLDIAGINV
   0.83    
   0.81    
   0.75    
   26      
   37      
   17      

QLDIAGSQRTINV
   0.91    
   0.9     
   0.87    
   5.1     
   6.1     
   4.1     

D_rownnz              6 6 6 6 6 6

D_rowadr              0 6 12 18 24 30

D_colind              0 1 2 3 4 5 0 1 2 3 4 5 0 1 2 3 4 5 0 1 2 3 4 5 0 1 2 3 4 5 0 1 2 3 4 5

B_rownnz              6 6

B_rowadr              0 6

B_colind              0 1 2 3 4 5 0 1 2 3 4 5

QDERIV
   0         0         0         0         0         0       
   0         0         0         0         0         0       
   0         0         0         0         0         0       
   0         0         0         0         0         0       
   0         0         0         0         0         0       
   0         0         0         0         0         0       

QLU
   0         0         0         0         0         0       
   0         0         0         0         0         0       
   0         0         0         0         0         0       
   0         0         0         0         0         0       
   0         0         0         0         0         0       
   0         0         0         0         0         0       

CONTACT
  0:
     dim           3
     geoms         floor : 2
     exclude       0
     efc_address   0
     solref         0.02      1       
     solimp         0.9       0.95      0.001     0.5       2       
     dist          -0.00018 
     includemargin  0       
     pos           -0.02     -0.027    -8.8e-05 
     frame          0         0         1         0         1         0        -1         0         0       
     friction       1         1         0.005     0.0001    0.0001  
     mu             1       
  1:
     dim           3
     geoms         floor : 2
     exclude       0
     efc_address   4
     solref         0.02      1       
     solimp         0.9       0.95      0.001     0.5       2       
     dist          -3.6e-05 
     includemargin  0       
     pos            0.1      -0.027    -1.8e-05 
     frame          0         0         1         0         1         0        -1         0         0       
     friction       1         1         0.005     0.0001    0.0001  
     mu             1       
  2:
     dim           3
     geoms         floor : 2
     exclude       0
     efc_address   8
     solref         0.02      1       
     solimp         0.9       0.95      0.001     0.5       2       
     dist          -0.00018 
     includemargin  0       
     pos           -0.02      0.027    -8.8e-05 
     frame          0         0         1         0         1         0        -1         0         0       
     friction       1         1         0.005     0.0001    0.0001  
     mu             1       
  3:
     dim           3
     geoms         floor : 2
     exclude       0
     efc_address   12
     solref         0.02      1       
     solimp         0.9       0.95      0.001     0.5       2       
     dist          -3.6e-05 
     includemargin  0       
     pos            0.1       0.027    -1.8e-05 
     frame          0         0         1         0         1         0        -1         0         0       
     friction       1         1         0.005     0.0001    0.0001  
     mu             1       

EFC_TYPE
  6
  6
  6
  6
  6
  6
  6
  6
  6
  6
  6
  6
  6
  6
  6
  6

EFC_ID
  0
  0
  0
  0
  1
  1
  1
  1
  2
  2
  2
  2
  3
  3
  3
  3

EFC_J
   0         1         1        -0.027     0.02     -0.02    
   0        -1         1        -0.027     0.02      0.02    
  -1         0         1        -0.027     0.02     -0.027   
   1         0         1        -0.027     0.02      0.027   
   0         1         1        -0.027    -0.1       0.1     
   0        -1         1        -0.027    -0.1      -0.1     
  -1         0         1        -0.027    -0.1      -0.027   
   1         0         1        -0.027    -0.1       0.027   
   0         1         1         0.027     0.02     -0.02    
   0        -1         1         0.027     0.02      0.02    
  -1         0         1         0.027     0.02      0.027   
   1         0         1         0.027     0.02     -0.027   
   0         1         1         0.027    -0.1       0.1     
   0        -1         1         0.027    -0.1      -0.1     
  -1         0         1         0.027    -0.1       0.027   
   1         0         1         0.027    -0.1      -0.027   

EFC_POS
  -0.00018 
  -0.00018 
  -0.00018 
  -0.00018 
  -3.6e-05 
  -3.6e-05 
  -3.6e-05 
  -3.6e-05 
  -0.00018 
  -0.00018 
  -0.00018 
  -0.00018 
  -3.6e-05 
  -3.6e-05 
  -3.6e-05 
  -3.6e-05 

EFC_MARGIN
   0       
   0       
   0       
   0       
   0       
   0       
   0       
   0       
   0       
   0       
   0       
   0       
   0       
   0       
   0       
   0       

EFC_FRICTIONLOSS
   0       
   0       
   0       
   0       
   0       
   0       
   0       
   0       
   0       
   0       
   0       
   0       
   0       
   0       
   0       
   0       

EFC_DIAGAPPROX
   3       
   3       
   3       
   3       
   3       
   3       
   3       
   3       
   3       
   3       
   3       
   3       
   3       
   3       
   3       
   3       

EFC_KBIP
   2.8e+03   1.1e+02   0.9      -35      
   2.8e+03   1.1e+02   0.9      -35      
   2.8e+03   1.1e+02   0.9      -35      
   2.8e+03   1.1e+02   0.9      -35      
   2.8e+03   1.1e+02   0.9      -7.3     
   2.8e+03   1.1e+02   0.9      -7.3     
   2.8e+03   1.1e+02   0.9      -7.3     
   2.8e+03   1.1e+02   0.9      -7.3     
   2.8e+03   1.1e+02   0.9      -35      
   2.8e+03   1.1e+02   0.9      -35      
   2.8e+03   1.1e+02   0.9      -35      
   2.8e+03   1.1e+02   0.9      -35      
   2.8e+03   1.1e+02   0.9      -7.3     
   2.8e+03   1.1e+02   0.9      -7.3     
   2.8e+03   1.1e+02   0.9      -7.3     
   2.8e+03   1.1e+02   0.9      -7.3     

EFC_D
   3.1     
   3.1     
   3.1     
   3.1     
   3       
   3       
   3       
   3       
   3.1     
   3.1     
   3.1     
   3.1     
   3       
   3       
   3       
   3       

EFC_R
   0.32    
   0.32    
   0.32    
   0.32    
   0.33    
   0.33    
   0.33    
   0.33    
   0.32    
   0.32    
   0.32    
   0.32    
   0.33    
   0.33    
   0.33    
   0.33    

ACTUATOR_VELOCITY
   1.1e-16 
  -3.2e-16 
  -2.7e-16 
   1.6e-16 

CVEL
   0         0         0         0         0         0       
  -1.2e-15  -1.8e-16   4.2e-18  -7.1e-18   5e-17    -7.7e-17 

CDOF_DOT
   0         0         0         0         0         0       
   0         0         0         0         0         0       
   0         0         0         0         0         0       
   0         0         0        -1.4e-21  -7.7e-17   1.2e-18 
   0        -0         0         7.7e-17   7e-33     6.9e-19 
   0        -0         0        -1.2e-18  -6e-19    -1.4e-21 

QFRC_BIAS
  -2.8e-34 
  -5.7e-35 
   13      
  -2.9e-17 
   0.00064 
  -2.5e-33 

QFRC_SPRING
   0       
   0       
   0       
   0       
   0       
   0       

QFRC_DAMPER
   0       
   0       
   0       
   0       
   0       
   0       

QFRC_GRAVCOMP
   0       
   0       
   0       
   0       
   0       
   0       

QFRC_FLUID
   4.4e-22 
  -3.1e-21 
   4.7e-21 
   3.4e-21 
   5.2e-22 
  -1.5e-23 

QFRC_PASSIVE
   4.4e-22 
  -3.1e-21 
   4.7e-21 
   3.4e-21 
   5.2e-22 
  -1.5e-23 

EFC_VEL
  -4.9e-17 
  -4.7e-17 
  -4.9e-17 
  -4.7e-17 
  -2.7e-17 
  -2.5e-17 
  -2.7e-17 
  -2.5e-17 
  -1.1e-16 
  -1.1e-16 
  -1.1e-16 
  -1.1e-16 
  -9.1e-17 
  -9e-17   
  -9.1e-17 
  -9e-17   

EFC_AREF
   0.44    
   0.44    
   0.44    
   0.44    
   0.09    
   0.09    
   0.09    
   0.09    
   0.44    
   0.44    
   0.44    
   0.44    
   0.09    
   0.09    
   0.09    
   0.09    

SUBTREE_LINVEL
   0         0         0       
   0         0         0       

SUBTREE_ANGMOM
   0         0         0       
   0         0         0       

ACTUATOR_FORCE
   0       
   0       
   0       
   0       

QFRC_ACTUATOR
   0       
   0       
   0       
   0       
   0       
   0       

QFRC_SMOOTH
   4.4e-22 
  -3.1e-21 
  -13      
   2.9e-17 
  -0.00064 
  -1.5e-23 

QACC_SMOOTH
   8e-20   
   1.5e-21 
  -9.8     
   9e-20   
  -1.1e-18 
  -2.5e-22 

EFC_B
  -10      
  -10      
  -10      
  -10      
  -9.9     
  -9.9     
  -9.9     
  -9.9     
  -10      
  -10      
  -10      
  -10      
  -9.9     
  -9.9     
  -9.9     
  -9.9     

EFC_FORCE
   1.4     
   1.4     
   1.4     
   1.4     
   0.27    
   0.27    
   0.27    
   0.27    
   1.4     
   1.4     
   1.4     
   1.4     
   0.27    
   0.27    
   0.27    
   0.27    

EFC_STATE
  1
  1
  1
  1
  1
  1
  1
  1
  1
  1
  1
  1
  1
  1
  1
  1

QFRC_CONSTRAINT
   1.4e-15 
  -1.2e-15 
   13      
   8.2e-16 
   0.00064 
  -2.8e-17 

QFRC_INVERSE
   0       
   0       
   0       
   0       
   0       
   0       

CACC
   0         0         0        -0        -0         9.8     
   2.2e-14   2.9e-14  -4.3e-16   1.1e-15  -8e-16     9.8     

CFRC_INT
   1.6e-17  -4.6e-17   1.6e-17   2.9e-17   1.6e-16  -1.8e-15 
   1.6e-17  -4.6e-17   1.6e-17   2.9e-17   1.6e-16  -1.8e-15 

CFRC_EXT
   0         0         0         0         0         0       
   7.9e-16   7.6e-16  -4.2e-17   1.4e-15  -1.2e-15   13      

